3.200000e-13
1.800000e-08
1.500000e-09
2.000000e-08
1.250000e-08
0.000000e+00
0.000000e+00
1.800000e-09
2.460000e-11
5.916000e-09
-7.560000e-09
-7.020000e-02
-7.020000e-02
1.227000e-02
7.170000e-01
6.162000e-01
4.070000e-05
9.985400e-01
9.875000e-01
7.107000e-02
4.840000e-02
9.866000e-01
0.000000e+00
0.000000e+00
0.000000e+00
8.704200e-03
8.847000e-01
2.026300e-01
8.000000e-03
1.210000e-07
1.400000e-01
6.400000e-08
4.270000e-04
1.070000e-03
1.805600e+03
1.444400e-02
2.359000e-02
3.667000e-01
5.594000e-01
4.845000e-02
2.626000e-02
3.379000e-01
3.940000e-05
4.000000e-11
1.400000e-01
2.000000e-03
5.400000e-03
-5.250000e-02
6.210000e-02
-3.740000e-02
0.000000e+00
0.000000e+00
0.000000e+00