4.000000e-13
1.693000e-08
2.000000e-09
1.400000e-08
1.500000e-08
0.000000e+00
0.000000e+00
1.500000e-09
1.968000e-10
5.916000e-09
-7.440000e-09
-6.870000e-02
-6.870000e-02
1.529000e-02
6.438000e-01
5.552000e-01
5.030000e-05
9.981400e-01
9.831000e-01
9.949000e-02
7.024000e-02
9.853000e-01
0.000000e+00
0.000000e+00
0.000000e+00
9.558700e-03
8.708000e-01
1.343500e-01
8.000000e-03
1.390000e-07
1.400000e-01
7.310000e-08
4.440000e-04
1.190000e-03
1.805600e+03
1.444400e-02
2.703000e-02
4.020000e-01
5.282000e-01
5.530000e-02
2.992000e-02
3.463000e-01
4.840000e-05
4.000000e-11
1.400000e-01
2.000000e-03
5.400000e-03
-2.370000e-02
6.210000e-02
-3.740000e-02
0.000000e+00
0.000000e+00
0.000000e+00